Argument values: path=/home/nikiaker/Projects/studia/stop2/sem2/algorytmy/lab1/framsticks/Framsticks54, lib=None, sim=eval-allcriteria-mini.sim;deterministic.sim;recording-body-coords.sim;only-body.sim, genformat=0, initialgenotype=None, opt=jumpdistance, popsize=60, generations=300, tournament=7, pmut=0.9, pxov=0.0, hof_size=1, hof_savefile=genotypes_jump/HoF-jump-f0-eps002-center-run8.gen, max_numparts=20, max_numjoints=40, max_numneurons=0, max_numconnections=0, max_numgenochars=None, log_file=logs_jump/log-jump-f0-eps002-center-run8.json, stagnation_generations=None, plateau_escape=False, eps=0.02, placement=center
Using Framsticks version: 5.4
Home (writable) dir     : /home/nikiaker/Projects/studia/stop2/sem2/algorytmy/lab1/framsticks/Framsticks54/data
Resources dir           : /home/nikiaker/Projects/studia/stop2/sem2/algorytmy/lab1/framsticks/Framsticks54/data

Available objects: ['CheckpointEvent', 'Collision', 'CrCollision', 'Creature', 'CreatureSettings', 'CreatureSignals', 'CreatureSnapshot', 'Dictionary', 'ExpProperties', 'ExpState', 'ExtValue', 'File', 'FunctionReference', 'GenMan', 'GenManStats', 'GenePool', 'GenePools', 'Geno', 'GenoConverters', 'Genotype', 'Interface', 'Joint', 'Loader', 'Math', 'MechJoint', 'MechPart', 'MessageCatcher', 'Model', 'ModelGeometry', 'ModelSymmetry', 'Neuro', 'NeuroClass', 'NeuroClassLibrary', 'NeuroDef', 'NeuroSignals', 'NeuronsSimEnabled', 'ODE', 'Orient', 'Part', 'Population', 'Populations', 'Ref', 'Signal', 'SignalView', 'SimilMeasure', 'SimilMeasureDistribution', 'SimilMeasureGreedy', 'SimilMeasureHungarian', 'Simulator', 'SlaveSimulators', 'StopEvent', 'String', 'UserScripts', 'Vector', 'WireframeAppearance', 'World', 'WorldMap', 'WorldSignals', 'XYZ', '__builtins__', '__cached__', '__doc__', '__file__', '__loader__', '__name__', '__package__', '__spec__', 'c_api', 'ctypes', 'home_dir', 'init', 'os', 're', 'res_dir', 'sim_params', 'stats', 'sys']

Basic tests OK. Using settings: ['eval-allcriteria-mini.sim', 'deterministic.sim', 'recording-body-coords.sim', 'only-body.sim']

Simulator.load: Loading from 'eval-allcriteria-mini.sim'
Simulator.load: Loaded simulator settings from 'eval-allcriteria-mini.sim'
Simulator.load: Loading from 'deterministic.sim'
Loader.load: Comments read from file follow:
Loader.load:  Parameter values that make the evaluation of a Framsticks creature deterministic.
Loader.load:  The values turn off random noise, so evaluation of the same genotype will always yield the same performance.
Loader.load:  The advantage is that you do not need to evaluate a genotype many times, and performance values are reliable.
Loader.load:  The disadvantage is that evolved creatures are "overfitting", i.e. rely entirely on the specific environment,
Loader.load:  and their behavior may be different in any other environment or (even slightly) changed conditions or parameter values,
Loader.load:  so each creature evolved using these settings must be later inspected using exactly the same setup.
Loader.load: 
Loader.load:  Before loading this file, load base settings, e.g. "eval-allcriteria.sim".
Loader.load:  Put this file in the "data" subdirectory within the Framsticks distribution.
Simulator.load: Loaded simulator settings from 'deterministic.sim'
Simulator.load: Loading from 'recording-body-coords.sim'
Loader.load: Comments read from file follow:
Loader.load:  The recording of the "center of gravity" (or mass) of all Parts of a creature during its lifespan, and
Loader.load:  the recording of coordinates of all Parts are stored as data->bodyrecording.
Loader.load:  Use STORE_ALL_PART_COORDS below to decide how much data you need recorded - maybe only COG and no Parts.
Loader.load: 
Loader.load:  If STORE_ALL_PART_COORDS=0 below, only COG is stored and the format is
Loader.load:  [ [cog1x,cog1y,cog1z], [cog2x,cog2y,cog2z], [cog3x,cog3y,cog3z], ...]
Loader.load:  where index numbers in the names are simulation steps.
Loader.load:  So you get a vector of COG x,y,z coordinates repeated for every simulation step.
Loader.load: 
Loader.load:  If STORE_ALL_PART_COORDS=1 below, the format is more verbose with one more level of nesting, because after the COG,
Loader.load:  the list of coordinates of all Parts follows (the first index in the names below is the simulation step, the second one is Part number)
Loader.load:  [ [[cog1x,cog1y,cog1z], [p1_1x,p1_1y,p1_1z], [p1_2x,p1_2y,p1_2z], ...], ...]
Loader.load: 
Loader.load:  You can further limit the amount of stored data by recording coordinates less frequently - see onCreaturesStep() comment below.
Loader.load:  Adjust 'Energy0' to achieve the lifespan you need.
Loader.load:  'evalcount' should likely be 1 unless you need other performance criteria (like vertpos or distance) averaged from multiple evaluations.
Loader.load:  Put this file in the "data" subdirectory within the Framsticks distribution unless you prefer to provide its path when loading.
Simulator.load: Loaded simulator settings from 'recording-body-coords.sim'
Simulator.load: Loading from 'only-body.sim'
Loader.load: Comments read from file follow:
Loader.load:  Turns off mutations in f0, f1, f4, fH related to brain (disables adding and modifying neurons)
Simulator.load: Loaded simulator settings from 'only-body.sim'
Using mutation rate from frams: 0.0
gen	nevals	avg	stddev	min	max
0  	60    	0  	0     	0  	0  
1  	51    	0  	0     	0  	0  
2  	51    	0  	0     	0  	0  
3  	55    	0  	0     	0  	0  
4  	52    	0  	0     	0  	0  
5  	49    	0  	0     	0  	0  
6  	53    	0  	0     	0  	0  
7  	56    	0  	0     	0  	0  
8  	51    	0  	0     	0  	0  
9  	55    	0  	0     	0  	0  
10 	54    	0  	0     	0  	0  
11 	57    	0  	0     	0  	0  
12 	50    	0  	0     	0  	0  
13 	57    	0  	0     	0  	0  
14 	54    	0  	0     	0  	0  
15 	53    	0  	0     	0  	0  
16 	58    	0  	0     	0  	0  
17 	52    	1.38151e-05	0.000106116	0  	0.000828906
18 	57    	1.38151e-05	0.000106116	0  	0.000828906
19 	53    	0          	0          	0  	0          
20 	52    	1.92502e-05	0.000147864	0  	0.00115501 
21 	58    	0          	0          	0  	0          
22 	53    	0          	0          	0  	0          
23 	53    	0          	0          	0  	0          
24 	57    	0          	0          	0  	0          
25 	51    	0          	0          	0  	0          
26 	50    	0          	0          	0  	0          
27 	56    	0          	0          	0  	0          
28 	55    	0          	0          	0  	0          
29 	50    	0          	0          	0  	0          
30 	56    	0          	0          	0  	0          
31 	58    	0          	0          	0  	0          
32 	55    	0          	0          	0  	0          
33 	47    	0          	0          	0  	0          
34 	58    	0          	0          	0  	0          
35 	54    	0          	0          	0  	0          
36 	54    	0          	0          	0  	0          
37 	52    	0          	0          	0  	0          
38 	56    	0          	0          	0  	0          
39 	55    	0          	0          	0  	0          
40 	57    	0          	0          	0  	0          
41 	54    	0          	0          	0  	0          
42 	58    	0          	0          	0  	0          
43 	54    	4.45756e-05	0.000342392	0  	0.00267454 
44 	53    	4.45756e-05	0.000342392	0  	0.00267454 
45 	50    	0.000222878	0.000739203	0  	0.00267454 
46 	57    	8.91513e-05	0.000480094	0  	0.00267454 
47 	51    	0.000123969	0.000545598	0  	0.00275845 
48 	55    	8.65256e-05	0.0004669  	0  	0.00275845 
49 	57    	0.000138459	0.000579016	0  	0.00275845 
50 	52    	0.000143334	0.000599198	0  	0.00275845 
51 	56    	0.000143881	0.000601566	0  	0.00275845 
52 	54    	9.72697e-05	0.000524624	0  	0.00307773 
53 	53    	2.80191e-05	0.000215219	0  	0.00168115 
54 	54    	2.80191e-05	0.000215219	0  	0.00168115 
55 	54    	2.82904e-05	0.000217303	0  	0.00169742 
56 	53    	0.000113162	0.000423412	0  	0.00169742 
57 	57    	8.34425e-05	0.000450197	0  	0.00265437 
58 	57    	4.44189e-05	0.000341188	0  	0.00266514 
59 	54    	0.00011088 	0.000493591	0  	0.00266514 
60 	55    	5.35135e-05	0.000288179	0  	0.00160541 
61 	52    	0.000136988	0.0004874  	0  	0.00266514 
62 	51    	0.000186018	0.000641456	0  	0.00281753 
63 	54    	0.000178075	0.000644756	0  	0.00281753 
64 	54    	8.70727e-05	0.000429899	0  	0.00281753 
65 	55    	0.000210861	0.000657328	0  	0.00281753 
66 	56    	0.00341248 	0.0260637  	0  	0.203609   
67 	51    	0.00342346 	0.0260629  	0  	0.203609   
68 	49    	0.00343648 	0.0260623  	0  	0.203609   
69 	57    	5.36526e-05	0.00033895 	0  	0.00258027 
70 	56    	8.0611e-05 	0.000393539	0  	0.00258027 
71 	55    	0.000104018	0.00046188 	0  	0.00258027 
72 	55    	0.000184274	0.000569343	0  	0.00258027 
73 	56    	0.000114574	0.000487569	0  	0.00258027 
74 	51    	0.000269923	0.000751748	0  	0.00290631 
75 	51    	0.000381288	0.000865297	0  	0.00270974 
76 	52    	0.000349984	0.000769326	0  	0.00270974 
77 	56    	0.000109853	0.000428051	0  	0.00208034 
78 	58    	5.0393e-05 	0.000288203	0  	0.0020433  
79 	57    	8.99399e-05	0.000397393	0  	0.00208034 
80 	58    	3.77384e-05	0.000289874	0  	0.0022643  
81 	53    	0          	0          	0  	0          
82 	52    	0          	0          	0  	0          
83 	55    	0          	0          	0  	0          
84 	55    	7.69591e-05	0.000591134	0  	0.00461755 
85 	56    	0          	0          	0  	0          
86 	49    	0          	0          	0  	0          
87 	56    	0          	0          	0  	0          
88 	50    	0          	0          	0  	0          
89 	51    	6.62521e-05	0.000508892	0  	0.00397512 
90 	55    	0.000230985	0.00089311 	0  	0.00397512 
91 	57    	8.55598e-05	0.000464139	0  	0.00287328 
92 	55    	9.62046e-05	0.000554918	0  	0.00397512 
93 	52    	0.000126157	0.000595906	0  	0.00397512 
94 	52    	0.000222362	0.000799227	0  	0.00397512 
95 	56    	0.000297464	0.000948496	0  	0.00397512 
96 	52    	0.000298804	0.00100593 	0  	0.00397512 
97 	53    	0.000571227	0.00157262 	0  	0.00795192 
98 	53    	0.000734751	0.00186995 	0  	0.00795192 
99 	54    	0.000629385	0.00176846 	0  	0.00795192 
100	56    	0.000517421	0.00150974 	0  	0.00795192 
101	54    	0.000695587	0.00208529 	0  	0.0120839  
102	52    	0.000787315	0.00237033 	0  	0.0120839  
103	54    	0.00117592 	0.00292489 	0  	0.0157703  
104	51    	0.0024464  	0.00805415 	0  	0.0585714  
105	56    	0.000509442	0.00180464 	0  	0.0120839  
106	50    	0.000739348	0.00158549 	0  	0.00636155 
107	56    	0.000625365	0.0015605  	0  	0.00636155 
108	58    	0.000952009	0.00204514 	0  	0.00740695 
109	54    	0.000936391	0.00363273 	0  	0.0264907  
110	53    	0.00139523 	0.00482521 	0  	0.0264907  
111	54    	0.0012299  	0.00427873 	0  	0.0264907  
112	52    	0.00134292 	0.00398561 	0  	0.0264907  
113	53    	0.00104174 	0.00262089 	0  	0.00926529 
114	58    	0.00155544 	0.00427206 	0  	0.0262288  
115	51    	0.00193614 	0.0050054  	0  	0.0262288  
116	58    	0.00163421 	0.00487167 	0  	0.0281577  
117	55    	0.00152179 	0.00531061 	0  	0.0281577  
118	54    	0.00267958 	0.00719857 	0  	0.0281577  
119	53    	0.00380506 	0.00825136 	0  	0.0273719  
120	53    	0.00522397 	0.0100612  	0  	0.0285381  
121	56    	0.00376829 	0.00865479 	0  	0.0285381  
122	59    	0.0032473  	0.0103862  	0  	0.0617246  
123	53    	0.00336129 	0.0105787  	0  	0.0617246  
124	55    	0.00249285 	0.00754766 	0  	0.0285381  
125	54    	0.00220773 	0.00680133 	0  	0.0285381  
126	56    	0.00130751 	0.00559019 	0  	0.0285381  
127	56    	0.00235402 	0.00701533 	0  	0.0285381  
128	55    	0.00278676 	0.00753147 	0  	0.0285381  
129	51    	0.00197539 	0.00596229 	0  	0.0256012  
130	58    	0.00192734 	0.00560829 	0  	0.0256012  
131	57    	0.00107551 	0.00399028 	0  	0.025233   
132	55    	0.00074201 	0.00235508 	0  	0.0104186  
133	54    	0.00179273 	0.00433801 	0  	0.0185615  
134	52    	0.00137565 	0.00410339 	0  	0.0227353  
135	53    	0.00119356 	0.00300061 	0  	0.0123888  
136	54    	0.00168943 	0.0035998  	0  	0.0127727  
137	53    	0.00123808 	0.00331291 	0  	0.0154271  
138	56    	0.00166305 	0.00405836 	0  	0.0154271  
139	52    	0.00209868 	0.00459867 	0  	0.0163617  
140	55    	0.00137528 	0.0035856  	0  	0.0163617  
141	56    	0.000915303	0.00271232 	0  	0.0127727  
142	55    	0.000517377	0.0019441  	0  	0.0127727  
143	58    	0.00114651 	0.00312946 	0  	0.0177456  
144	51    	0.00140737 	0.00377753 	0  	0.0177456  
145	56    	0.00138571 	0.00399093 	0  	0.0177456  
146	55    	0.00257734 	0.00528086 	0  	0.0177456  
147	53    	0.00315688 	0.00605125 	0  	0.0180403  
148	55    	0.00223553 	0.00526924 	0  	0.0180403  
149	59    	0.00114752 	0.00399473 	0  	0.0202799  
150	56    	0.000794227	0.00319313 	0  	0.0191637  
151	48    	0.0023851  	0.00511552 	0  	0.0191637  
152	53    	0.00185168 	0.00509596 	0  	0.0191637  
153	54    	0.00170546 	0.00453233 	0  	0.0191637  
154	54    	0.00231828 	0.00538001 	0  	0.0191637  
155	56    	0.00212053 	0.00543132 	0  	0.0207399  
156	54    	0.00258742 	0.0059614  	0  	0.0208832  
157	52    	0.00388534 	0.00690803 	0  	0.0208832  
158	51    	0.00340025 	0.00673361 	0  	0.0208832  
159	53    	0.00302613 	0.00642213 	0  	0.0208832  
160	51    	0.0019027  	0.00543263 	0  	0.0222339  
161	53    	0.0021523  	0.00576212 	0  	0.0222339  
162	56    	0.00169917 	0.00492015 	0  	0.0190538  
163	53    	0.00262923 	0.00575201 	0  	0.0191536  
164	56    	0.00130428 	0.00445736 	0  	0.0231318  
165	57    	0.00122939 	0.00403219 	0  	0.0231318  
166	56    	0.00174182 	0.00462369 	0  	0.0187602  
167	56    	0.00241174 	0.00576079 	0  	0.0235179  
168	51    	0.00322877 	0.00691323 	0  	0.0238334  
169	56    	0.00240489 	0.00642495 	0  	0.0241258  
170	53    	0.00265745 	0.00631725 	0  	0.0238334  
171	48    	0.00303993 	0.00631623 	0  	0.0238334  
172	56    	0.00352058 	0.00623323 	0  	0.0220455  
173	56    	0.00350116 	0.00627696 	0  	0.0215494  
174	53    	0.00482656 	0.00742757 	0  	0.0219916  
175	50    	0.003737   	0.00700642 	0  	0.0250817  
176	55    	0.00239671 	0.00614135 	0  	0.0222477  
Selection: ignoring 1 infeasible solution in a population of size 60
177	56    	0.00275891 	0.00665635 	0  	0.0219916  
178	55    	0.00300217 	0.00673664 	0  	0.0231098  
179	54    	0.00341141 	0.00653404 	0  	0.0231098  
180	54    	0.00425331 	0.00732906 	0  	0.0231098  
181	55    	0.00275294 	0.00601033 	0  	0.0231098  
182	52    	0.00181077 	0.00520273 	0  	0.0231098  
183	52    	0.00276629 	0.00612319 	0  	0.0231098  
184	53    	0.00400777 	0.00753529 	0  	0.0236741  
185	54    	0.00464742 	0.00799902 	0  	0.0231124  
186	55    	0.0044407  	0.0084119  	0  	0.0274991  
187	54    	0.00642255 	0.0096684  	0  	0.0277936  
188	52    	0.00467223 	0.00934681 	0  	0.0277936  
189	56    	0.00469394 	0.00886173 	0  	0.0274991  
190	53    	0.00495242 	0.0090152  	0  	0.0274991  
191	56    	0.00471082 	0.00932812 	0  	0.0274991  
192	53    	0.00363546 	0.00820055 	0  	0.0274991  
193	48    	0.00530046 	0.00977479 	0  	0.0274991  
194	56    	0.00450149 	0.00930572 	0  	0.0274991  
195	51    	0.00540703 	0.0100701  	0  	0.0274991  
196	56    	0.0026921  	0.00753817 	0  	0.0274991  
197	52    	0.0021842  	0.00665141 	0  	0.0285405  
198	55    	0.0026497  	0.00709594 	0  	0.0285405  
199	54    	0.00455471 	0.00908108 	0  	0.0285405  
200	54    	0.00274768 	0.00732978 	0  	0.0285405  
201	54    	0.00667185 	0.0110308  	0  	0.0292948  
202	54    	0.00449775 	0.0094917  	0  	0.0292948  
203	53    	0.00345008 	0.00801294 	0  	0.0292948  
204	52    	0.00474488 	0.00920332 	0  	0.0292948  
205	54    	0.00679807 	0.0108252  	0  	0.0293088  
206	56    	0.00406465 	0.00895359 	0  	0.0293088  
207	54    	0.00309338 	0.00759583 	0  	0.0293088  
208	50    	0.00576728 	0.0101032  	0  	0.0293351  
209	51    	0.00614125 	0.0108766  	0  	0.0293537  
210	57    	0.00654416 	0.0111007  	0  	0.0299511  
211	55    	0.00473326 	0.0100109  	0  	0.0299511  
212	48    	0.00523713 	0.0105592  	0  	0.0299511  
213	49    	0.00770733 	0.0122702  	0  	0.030115   
214	51    	0.005197   	0.0106738  	0  	0.0299511  
215	53    	0.00610365 	0.0111403  	0  	0.0299511  
216	56    	0.00330911 	0.0084349  	0  	0.0299757  
217	57    	0.00278312 	0.0076134  	0  	0.0290278  
218	54    	0.00453045 	0.00970616 	0  	0.0290278  
219	50    	0.00541864 	0.0105543  	0  	0.029033   
220	55    	0.00351693 	0.00796196 	0  	0.0287571  
221	56    	0.00308384 	0.00799306 	0  	0.0287571  
222	50    	0.00653845 	0.0108555  	0  	0.0291864  
223	50    	0.00593343 	0.0110295  	0  	0.0294887  
224	55    	0.00577188 	0.0109936  	0  	0.0293792  
225	53    	0.00623441 	0.0103663  	0  	0.0293792  
226	53    	0.00417078 	0.0089027  	0  	0.0287574  
227	53    	0.00365545 	0.00859569 	0  	0.0286525  
228	50    	0.00361928 	0.00854267 	0  	0.0286525  
229	54    	0.00704861 	0.0114473  	0  	0.0286525  
230	51    	0.00634719 	0.0108665  	0  	0.028657   
231	56    	0.00258414 	0.00782126 	0  	0.0286525  
232	56    	0.00321517 	0.00881662 	0  	0.0301423  
233	53    	0.00444752 	0.00971882 	0  	0.0286525  
234	53    	0.00433574 	0.00954327 	0  	0.0297592  
235	54    	0.00378156 	0.00887385 	0  	0.0286271  
236	58    	0.00252346 	0.00761054 	0  	0.028876   
237	54    	0.0041599  	0.0093925  	0  	0.0286271  
238	56    	0.00282585 	0.00847912 	0  	0.0286271  
239	52    	0.00339985 	0.00898052 	0  	0.0286271  
240	53    	0.00304273 	0.00822504 	0  	0.0287216  
241	54    	0.00243902 	0.00754101 	0  	0.0290348  
242	55    	0.00380436 	0.00848133 	0  	0.0292359  
243	54    	0.00347074 	0.00835694 	0  	0.0292359  
244	51    	0.0034466  	0.00850295 	0  	0.0292359  
245	53    	0.00323835 	0.00812176 	0  	0.0292359  
246	55    	0.00308908 	0.0083841  	0  	0.029895   
247	51    	0.00381507 	0.00923482 	0  	0.029895   
248	48    	0.00503283 	0.00988193 	0  	0.029895   
249	54    	0.00242551 	0.00719052 	0  	0.029895   
250	50    	0.0041406  	0.0094182  	0  	0.029895   
251	57    	0.0040224  	0.00886402 	0  	0.0293645  
252	57    	0.00318849 	0.00752053 	0  	0.0278937  
253	53    	0.00266153 	0.00696086 	0  	0.0278937  
254	55    	0.00243662 	0.00666788 	0  	0.0270098  
255	55    	0.00227025 	0.00643014 	0  	0.0267354  
256	52    	0.00457628 	0.0090854  	0  	0.0320786  
257	54    	0.00391752 	0.00827068 	0  	0.0320786  
258	54    	0.00553381 	0.0101652  	0  	0.0320786  
259	55    	0.00638272 	0.0109239  	0  	0.0304692  
260	56    	0.00352806 	0.00862661 	0  	0.029535   
261	50    	0.0039176  	0.00885234 	0  	0.0292813  
262	50    	0.00438496 	0.00965375 	0  	0.0292836  
263	54    	0.00513602 	0.0104817  	0  	0.0293713  
264	57    	0.00322366 	0.00759704 	0  	0.0293713  
265	55    	0.00228601 	0.00599202 	0  	0.0292825  
266	54    	0.00238424 	0.00710432 	0  	0.0292836  
267	52    	0.00420819 	0.00957525 	0  	0.0292836  
268	54    	0.00349511 	0.00817421 	0  	0.0292825  
269	54    	0.00384673 	0.00894351 	0  	0.0292825  
270	53    	0.00644529 	0.0109546  	0  	0.0292825  
271	56    	0.00546304 	0.0104728  	0  	0.0292825  
272	54    	0.00350983 	0.00851519 	0  	0.0292825  
273	50    	0.0055356  	0.0102524  	0  	0.0292989  
274	58    	0.00283625 	0.00727665 	0  	0.0292989  
275	53    	0.00239733 	0.00696538 	0  	0.0292989  
276	57    	0.00274207 	0.00726659 	0  	0.0292989  
277	52    	0.00245111 	0.00661838 	0  	0.0291485  
278	49    	0.00485917 	0.00907664 	0  	0.0291485  
279	51    	0.00402197 	0.00836848 	0  	0.0291485  
280	57    	0.00238554 	0.00699322 	0  	0.0302557  
281	54    	0.00327964 	0.00799985 	0  	0.0302557  
282	55    	0.0018541  	0.00584388 	0  	0.0232504  
283	55    	0.00254687 	0.00687023 	0  	0.0281298  
284	53    	0.00152001 	0.00495532 	0  	0.023067   
285	56    	0.00189203 	0.00547274 	0  	0.023067   
286	56    	0.00181008 	0.00546462 	0  	0.0225032  
287	49    	0.00330145 	0.00693578 	0  	0.0222852  
288	56    	0.00268268 	0.00597592 	0  	0.0222852  
289	50    	0.00391608 	0.00732516 	0  	0.0222852  
290	57    	0.00252783 	0.00647876 	0  	0.0295012  
291	51    	0.00335578 	0.0070459  	0  	0.0237365  
292	53    	0.00309868 	0.00678608 	0  	0.0222852  
293	59    	0.00191649 	0.00543508 	0  	0.0226446  
294	54    	0.0018895  	0.00542116 	0  	0.0226446  
295	56    	0.0020801  	0.00637708 	0  	0.0323062  
296	56    	0.00152069 	0.00490714 	0  	0.0222913  
297	55    	0.00167777 	0.00528539 	0  	0.0235452  
298	51    	0.00266263 	0.0068088  	0  	0.0257706  
299	54    	0.00172606 	0.0051683  	0  	0.0257706  
Selection: ignoring 3 infeasible solutions in a population of size 60
300	55    	0.00102931 	0.00279785 	0  	0.0151995  
Best individuals:
(0.20360857583864495,) 	<--	 //0
p:0.338396211801989, -0.3847896848094705, 0.03869349821600521, fr=0.068
p:0.414, -0.409, -1.361, fr=0.214, vr=0.687, 0.446, 0.521
p:0.3594067583952645, -1.056260240070943, -0.7901214329243702, fr=0.599, vr=0.729, 0.538, 0.612
p:0.619, 0.433, 0.189, vr=0.743, 0.455, 0.464
p:-0.40129617012757923, 0.3618675488938228, -0.8390082170705179, vr=0.965, 0.533, 0.459
p:0.038, 0.253, 0.157, fr=0.311, vr=0.664, 0.56, 0.651
p:0.731, -1.484, -0.912, vr=0.835, 0.55, 0.658
p:0.622, -0.023, -0.53, vr=0.75, 0.553, 0.545
p:2.014, -1.392, -1.539, vr=0.681, 0.64, 0.421
j:0, 2
j:1, 2, vr=0.6145, 0.519, 0.556
j:0, 3, vr=0.6214999999999999, 0.47750000000000004, 0.482
j:5, 1, vr=0.6965, 0.549, 0.6315
j:1, 0, vr=0.7324999999999999, 0.5165, 0.47950000000000004
j:0, 5, vr=0.5820000000000001, 0.53, 0.5755
j:2, 5, vr=0.6965, 0.549, 0.6315
j:4, 5, vr=0.8145, 0.5465, 0.555
j:6, 2, vr=0.782, 0.544, 0.635
j:7, 0, vr=0.625, 0.5265, 0.5225
j:8, 2, vr=0.7050000000000001, 0.589, 0.5165
j:2, 3, vr=0.736, 0.49650000000000005, 0.538

Saved 'genotypes_jump/HoF-jump-f0-eps002-center-run8.gen' (1)
Log saved to logs_jump/log-jump-f0-eps002-center-run8.json
Elapsed time: 11098.77 seconds
VMNeuronManager.autoload: Neuro classes added: S1 PIDV PIDP Thr SeeLight2 Nn Light SeeLight Delay S0 
UserScripts.autoload: 20 user scripts added.
