Argument values: path=/home/nikiaker/Projects/studia/stop2/sem2/algorytmy/lab1/framsticks/Framsticks54, lib=None, sim=eval-allcriteria-mini.sim;deterministic.sim;recording-body-coords.sim;only-body.sim, genformat=0, initialgenotype=None, opt=jumpdistance, popsize=60, generations=300, tournament=7, pmut=0.9, pxov=0.0, hof_size=1, hof_savefile=genotypes_jump/HoF-jump-f0-eps001-center-run4.gen, max_numparts=20, max_numjoints=40, max_numneurons=0, max_numconnections=0, max_numgenochars=None, log_file=logs_jump/log-jump-f0-eps001-center-run4.json, stagnation_generations=None, plateau_escape=False, eps=0.01, placement=center
Using Framsticks version: 5.4
Home (writable) dir     : /home/nikiaker/Projects/studia/stop2/sem2/algorytmy/lab1/framsticks/Framsticks54/data
Resources dir           : /home/nikiaker/Projects/studia/stop2/sem2/algorytmy/lab1/framsticks/Framsticks54/data

Available objects: ['CheckpointEvent', 'Collision', 'CrCollision', 'Creature', 'CreatureSettings', 'CreatureSignals', 'CreatureSnapshot', 'Dictionary', 'ExpProperties', 'ExpState', 'ExtValue', 'File', 'FunctionReference', 'GenMan', 'GenManStats', 'GenePool', 'GenePools', 'Geno', 'GenoConverters', 'Genotype', 'Interface', 'Joint', 'Loader', 'Math', 'MechJoint', 'MechPart', 'MessageCatcher', 'Model', 'ModelGeometry', 'ModelSymmetry', 'Neuro', 'NeuroClass', 'NeuroClassLibrary', 'NeuroDef', 'NeuroSignals', 'NeuronsSimEnabled', 'ODE', 'Orient', 'Part', 'Population', 'Populations', 'Ref', 'Signal', 'SignalView', 'SimilMeasure', 'SimilMeasureDistribution', 'SimilMeasureGreedy', 'SimilMeasureHungarian', 'Simulator', 'SlaveSimulators', 'StopEvent', 'String', 'UserScripts', 'Vector', 'WireframeAppearance', 'World', 'WorldMap', 'WorldSignals', 'XYZ', '__builtins__', '__cached__', '__doc__', '__file__', '__loader__', '__name__', '__package__', '__spec__', 'c_api', 'ctypes', 'home_dir', 'init', 'os', 're', 'res_dir', 'sim_params', 'stats', 'sys']

Basic tests OK. Using settings: ['eval-allcriteria-mini.sim', 'deterministic.sim', 'recording-body-coords.sim', 'only-body.sim']

Simulator.load: Loading from 'eval-allcriteria-mini.sim'
Simulator.load: Loaded simulator settings from 'eval-allcriteria-mini.sim'
Simulator.load: Loading from 'deterministic.sim'
Loader.load: Comments read from file follow:
Loader.load:  Parameter values that make the evaluation of a Framsticks creature deterministic.
Loader.load:  The values turn off random noise, so evaluation of the same genotype will always yield the same performance.
Loader.load:  The advantage is that you do not need to evaluate a genotype many times, and performance values are reliable.
Loader.load:  The disadvantage is that evolved creatures are "overfitting", i.e. rely entirely on the specific environment,
Loader.load:  and their behavior may be different in any other environment or (even slightly) changed conditions or parameter values,
Loader.load:  so each creature evolved using these settings must be later inspected using exactly the same setup.
Loader.load: 
Loader.load:  Before loading this file, load base settings, e.g. "eval-allcriteria.sim".
Loader.load:  Put this file in the "data" subdirectory within the Framsticks distribution.
Simulator.load: Loaded simulator settings from 'deterministic.sim'
Simulator.load: Loading from 'recording-body-coords.sim'
Loader.load: Comments read from file follow:
Loader.load:  The recording of the "center of gravity" (or mass) of all Parts of a creature during its lifespan, and
Loader.load:  the recording of coordinates of all Parts are stored as data->bodyrecording.
Loader.load:  Use STORE_ALL_PART_COORDS below to decide how much data you need recorded - maybe only COG and no Parts.
Loader.load: 
Loader.load:  If STORE_ALL_PART_COORDS=0 below, only COG is stored and the format is
Loader.load:  [ [cog1x,cog1y,cog1z], [cog2x,cog2y,cog2z], [cog3x,cog3y,cog3z], ...]
Loader.load:  where index numbers in the names are simulation steps.
Loader.load:  So you get a vector of COG x,y,z coordinates repeated for every simulation step.
Loader.load: 
Loader.load:  If STORE_ALL_PART_COORDS=1 below, the format is more verbose with one more level of nesting, because after the COG,
Loader.load:  the list of coordinates of all Parts follows (the first index in the names below is the simulation step, the second one is Part number)
Loader.load:  [ [[cog1x,cog1y,cog1z], [p1_1x,p1_1y,p1_1z], [p1_2x,p1_2y,p1_2z], ...], ...]
Loader.load: 
Loader.load:  You can further limit the amount of stored data by recording coordinates less frequently - see onCreaturesStep() comment below.
Loader.load:  Adjust 'Energy0' to achieve the lifespan you need.
Loader.load:  'evalcount' should likely be 1 unless you need other performance criteria (like vertpos or distance) averaged from multiple evaluations.
Loader.load:  Put this file in the "data" subdirectory within the Framsticks distribution unless you prefer to provide its path when loading.
Simulator.load: Loaded simulator settings from 'recording-body-coords.sim'
Simulator.load: Loading from 'only-body.sim'
Loader.load: Comments read from file follow:
Loader.load:  Turns off mutations in f0, f1, f4, fH related to brain (disables adding and modifying neurons)
Simulator.load: Loaded simulator settings from 'only-body.sim'
Using mutation rate from frams: 0.0
gen	nevals	avg	stddev	min	max
0  	60    	0  	0     	0  	0  
1  	52    	0  	0     	0  	0  
2  	55    	0  	0     	0  	0  
3  	56    	0  	0     	0  	0  
4  	54    	0  	0     	0  	0  
5  	55    	0  	0     	0  	0  
6  	54    	0  	0     	0  	0  
7  	53    	0  	0     	0  	0  
8  	56    	3.60746e-05	0.000277094	0  	0.00216448
9  	55    	0          	0          	0  	0         
10 	55    	0          	0          	0  	0         
11 	55    	7.47274e-05	0.000573992	0  	0.00448364
12 	50    	0.000220475	0.000961316	0  	0.00448364
13 	57    	0.000124086	0.000682516	0  	0.00448364
14 	58    	0.000124551	0.000685489	0  	0.00451155
15 	53    	7.51924e-05	0.000577564	0  	0.00451155
16 	50    	8.3789e-05 	0.000580213	0  	0.00451155
17 	56    	9.23856e-05	0.000582724	0  	0.00451155
18 	55    	0.000163564	0.000813718	0  	0.00451155
19 	54    	0.000252811	0.000908257	0  	0.00451155
20 	49    	0.000336329	0.00100684 	0  	0.00451155
21 	53    	0.000398268	0.0011305  	0  	0.00451155
22 	53    	0.000604889	0.0014282  	0  	0.00466765
23 	55    	0.000417724	0.00120931 	0  	0.00451155
24 	53    	0.00042828 	0.00126995 	0  	0.0050827 
25 	54    	0.000508566	0.00147229 	0  	0.0050827 
26 	55    	0.000504036	0.00151238 	0  	0.0050827 
27 	52    	0.000254177	0.00110794 	0  	0.00509276
28 	53    	0.00034895 	0.00126782 	0  	0.00509276
29 	57    	0.000366793	0.00123996 	0  	0.00507519
30 	55    	0.000346241	0.00120537 	0  	0.0050852 
31 	52    	0.000474826	0.00142641 	0  	0.0050852 
32 	55    	0.000651474	0.00328021 	0  	0.0244932 
33 	55    	0.000210898	0.000958417	0  	0.00507519
34 	54    	0.000420129	0.00129192 	0  	0.00507519
35 	52    	0.000343878	0.00117412 	0  	0.00508071
36 	53    	0.000399083	0.00124098 	0  	0.00508071
37 	54    	0.00068435 	0.00159176 	0  	0.00559981
38 	54    	0.00104611 	0.00241179 	0  	0.0136617 
39 	54    	0.000378522	0.00138682 	0  	0.00569047
40 	55    	0.000266636	0.00106846 	0  	0.00569047
41 	55    	0.000506787	0.00238622 	0  	0.0180927 
42 	57    	0.000580537	0.00145666 	0  	0.00626878
43 	55    	0.000540978	0.00138237 	0  	0.00459363
44 	52    	0.000734374	0.0016636  	0  	0.00626878
45 	55    	0.000608367	0.00144776 	0  	0.004899  
46 	52    	0.00080706 	0.00170937 	0  	0.004899  
47 	53    	0.000556724	0.00144881 	0  	0.00507191
48 	53    	0.000728467	0.00164003 	0  	0.00507306
49 	52    	0.000747629	0.00188861 	0  	0.00934593
50 	54    	0.000666293	0.00186506 	0  	0.00930519
51 	54    	0.000883213	0.00249616 	0  	0.00935834
52 	57    	0.000555783	0.00211866 	0  	0.00934072
53 	56    	0.000521648	0.00189438 	0  	0.00932051
54 	51    	0.000314913	0.001377   	0  	0.00922441
55 	56    	0.000172488	0.0011806  	0  	0.00922441
56 	54    	0.000209832	0.00118182 	0  	0.00922441
57 	56    	0.000262481	0.000665447	0  	0.00415356
58 	51    	0.000566348	0.00102908 	0  	0.00415356
59 	55    	0.000491227	0.00109435 	0  	0.00480088
60 	54    	0.000814478	0.00214065 	0  	0.0140124 
61 	49    	0.000756308	0.00133819 	0  	0.00478937
62 	54    	0.00102118 	0.00174696 	0  	0.00735069
63 	57    	0.000752157	0.00174286 	0  	0.00813959
64 	56    	0.0011569  	0.00211786 	0  	0.00992181
65 	51    	0.00143091 	0.00250526 	0  	0.00955073
66 	55    	0.00106691 	0.00260782 	0  	0.0129777 
67 	52    	0.00168841 	0.00364413 	0  	0.0135543 
68 	56    	0.00121422 	0.00305925 	0  	0.0136881 
69 	59    	0.000893521	0.00259597 	0  	0.0129777 
70 	50    	0.00122427 	0.00321991 	0  	0.0140597 
71 	50    	0.00113471 	0.00311646 	0  	0.0140597 
72 	54    	0.00239861 	0.00417303 	0  	0.0130143 
73 	56    	0.00162213 	0.00374007 	0  	0.0130609 
74 	52    	0.00229521 	0.00415046 	0  	0.0130609 
75 	52    	0.0023799  	0.0042349  	0  	0.0130609 
76 	55    	0.00267726 	0.00448502 	0  	0.0133728 
77 	55    	0.00163603 	0.00369306 	0  	0.0133728 
78 	56    	0.00170933 	0.00390407 	0  	0.0133728 
79 	52    	0.00206858 	0.00431338 	0  	0.0138315 
80 	54    	0.00172862 	0.00387183 	0  	0.0141745 
81 	56    	0.00147924 	0.00339643 	0  	0.0116623 
82 	55    	0.00210243 	0.0037478  	0  	0.0116601 
83 	54    	0.00178444 	0.00329394 	0  	0.0116713 
84 	57    	0.000758821	0.00199926 	0  	0.0102639 
85 	50    	0.00156507 	0.00311465 	0  	0.0134203 
86 	55    	0.00221786 	0.00372597 	0  	0.0106633 
87 	54    	0.00217545 	0.00390662 	0  	0.0124193 
88 	54    	0.00188278 	0.00372551 	0  	0.0106633 
89 	54    	0.00161007 	0.00334828 	0  	0.0106633 
90 	53    	0.0015532  	0.00338195 	0  	0.010768  
91 	54    	0.00165493 	0.00344186 	0  	0.010768  
92 	48    	0.00283042 	0.00411921 	0  	0.010768  
93 	54    	0.002357   	0.00407371 	0  	0.010768  
94 	53    	0.00220821 	0.00396653 	0  	0.0124583 
95 	57    	0.00205082 	0.00377165 	0  	0.0111074 
96 	56    	0.00112573 	0.00284308 	0  	0.0111074 
97 	57    	0.00125143 	0.00292225 	0  	0.0111074 
98 	55    	0.0010133  	0.00271834 	0  	0.0111074 
99 	53    	0.0014601  	0.00348405 	0  	0.0128712 
100	51    	0.00182769 	0.00356792 	0  	0.0128712 
101	53    	0.00165406 	0.00387044 	0  	0.0128969 
102	53    	0.00179034 	0.00366539 	0  	0.0128715 
103	53    	0.00197007 	0.00396821 	0  	0.0134133 
104	53    	0.00218242 	0.00417833 	0  	0.012871  
105	53    	0.00131235 	0.00325817 	0  	0.012871  
106	56    	0.000852106	0.00226686 	0  	0.0103524 
107	51    	0.00121396 	0.00242148 	0  	0.0103524 
108	55    	0.00127802 	0.00324088 	0  	0.0186319 
109	54    	0.00158188 	0.00401447 	0  	0.0186319 
110	51    	0.00261678 	0.00549075 	0  	0.0186336 
111	57    	0.00215985 	0.00537127 	0  	0.0186336 
112	56    	0.0030064  	0.00612173 	0  	0.0240547 
113	53    	0.00462799 	0.00723673 	0  	0.0240547 
114	53    	0.00354176 	0.00707763 	0  	0.0240961 
115	52    	0.0039328  	0.00760003 	0  	0.0240961 
116	54    	0.00278153 	0.00653937 	0  	0.0240961 
117	54    	0.00402275 	0.00748043 	0  	0.0240653 
118	55    	0.00672052 	0.0092133  	0  	0.0242478 
119	54    	0.00470378 	0.00860283 	0  	0.0241339 
120	50    	0.00652341 	0.00939909 	0  	0.0244997 
121	56    	0.00529509 	0.00817574 	0  	0.0244997 
122	53    	0.00423988 	0.00782963 	0  	0.0244997 
123	53    	0.00466268 	0.00783142 	0  	0.0243856 
124	53    	0.00386518 	0.00689869 	0  	0.0243856 
125	52    	0.00357908 	0.00687497 	0  	0.0219497 
126	55    	0.0037726  	0.00721179 	0  	0.0219497 
127	55    	0.00556986 	0.00867393 	0  	0.0226545 
128	53    	0.00513958 	0.00860373 	0  	0.0230162 
129	54    	0.00481359 	0.00805851 	0  	0.0230162 
130	52    	0.0049954  	0.00861137 	0  	0.0235802 
131	51    	0.00443991 	0.00883981 	0  	0.023634  
132	52    	0.00506481 	0.00894704 	0  	0.023634  
133	52    	0.00440057 	0.00839771 	0  	0.023634  
134	54    	0.00466823 	0.00867224 	0  	0.027844  
135	52    	0.0045162  	0.00862467 	0  	0.0236347 
136	54    	0.00375397 	0.00818638 	0  	0.0240669 
137	57    	0.00321018 	0.00730688 	0  	0.0240669 
138	53    	0.0042926  	0.00794842 	0  	0.0236476 
139	56    	0.00239487 	0.0058565  	0  	0.0236476 
140	51    	0.00342223 	0.00671306 	0  	0.0236476 
141	55    	0.00407069 	0.00788789 	0  	0.0236779 
142	54    	0.0037624  	0.00772806 	0  	0.024585  
143	55    	0.00502415 	0.00815718 	0  	0.0232534 
144	55    	0.00357458 	0.00701039 	0  	0.0228894 
145	54    	0.00389489 	0.00746848 	0  	0.0232199 
146	53    	0.0058987  	0.00824436 	0  	0.0233432 
147	54    	0.00612679 	0.00812176 	0  	0.0225962 
148	54    	0.0062253  	0.00803255 	0  	0.0225962 
149	52    	0.00715292 	0.00870621 	0  	0.022709  
150	58    	0.00452149 	0.00764564 	0  	0.0241932 
151	54    	0.0058058  	0.00843078 	0  	0.0241932 
152	57    	0.00592219 	0.00817871 	0  	0.0241892 
153	55    	0.00435487 	0.00773049 	0  	0.0216623 
154	55    	0.00421248 	0.00759912 	0  	0.0219453 
155	51    	0.00527812 	0.00839392 	0  	0.0216623 
156	57    	0.00485346 	0.00795005 	0  	0.0216623 
157	53    	0.0054439  	0.00844564 	0  	0.0222484 
158	52    	0.00689296 	0.00891673 	0  	0.0233086 
159	49    	0.00825642 	0.00973393 	0  	0.0236199 
160	55    	0.00699463 	0.00920768 	0  	0.0250483 
161	57    	0.00388763 	0.00742328 	0  	0.0250389 
162	51    	0.00575261 	0.00910117 	0  	0.0252659 
163	49    	0.00692382 	0.00999754 	0  	0.0252659 
164	52    	0.00407325 	0.00846479 	0  	0.0252659 
165	47    	0.00538256 	0.00928044 	0  	0.0252742 
166	54    	0.00243463 	0.00662694 	0  	0.0246335 
167	58    	0.00305264 	0.00644996 	0  	0.0221806 
168	51    	0.0033657  	0.00653076 	0  	0.0217928 
169	55    	0.0041443  	0.0071513  	0  	0.0230273 
170	53    	0.00533273 	0.00821519 	0  	0.0230273 
171	53    	0.00609695 	0.00810881 	0  	0.0232073 
172	56    	0.00437059 	0.00790269 	0  	0.0241208 
173	53    	0.00542651 	0.00886026 	0  	0.0241208 
174	51    	0.00520044 	0.00879502 	0  	0.0241208 
175	55    	0.00465945 	0.0085818  	0  	0.0257152 
176	52    	0.0052109  	0.00871913 	0  	0.0253459 
177	52    	0.00357834 	0.00770998 	0  	0.0253459 
178	54    	0.00371489 	0.00808994 	0  	0.0253459 
179	55    	0.00454091 	0.00889237 	0  	0.0252337 
180	57    	0.00397136 	0.00783641 	0  	0.0252337 
181	59    	0.00251392 	0.00717639 	0  	0.0252337 
182	53    	0.00338554 	0.00794908 	0  	0.0252337 
183	48    	0.0079535  	0.0108964  	0  	0.0252337 
184	51    	0.00688354 	0.0107964  	0  	0.0256696 
185	56    	0.00263658 	0.00718312 	0  	0.0252337 
186	51    	0.00418526 	0.00861168 	0  	0.0252337 
187	51    	0.00431957 	0.00849257 	0  	0.0252337 
188	54    	0.00261099 	0.00602486 	0  	0.0252337 
189	52    	0.00364825 	0.00763938 	0  	0.0252337 
190	53    	0.00499102 	0.00947069 	0  	0.0252348 
191	54    	0.00435389 	0.00819842 	0  	0.0252337 
192	55    	0.00462848 	0.00903755 	0  	0.0252337 
193	56    	0.00311549 	0.00764615 	0  	0.0252337 
194	54    	0.00354934 	0.00768321 	0  	0.0252337 
195	55    	0.00341445 	0.00723288 	0  	0.025234  
196	52    	0.00403587 	0.00773238 	0  	0.025234  
197	55    	0.00308278 	0.00694559 	0  	0.0252331 
198	55    	0.00419864 	0.00811751 	0  	0.0252331 
199	54    	0.00244339 	0.00606374 	0  	0.0229917 
200	51    	0.0039613  	0.007469   	0  	0.0229917 
201	50    	0.00247004 	0.00593137 	0  	0.0229308 
202	53    	0.0028257  	0.00607852 	0  	0.0229308 
203	52    	0.00286261 	0.00539114 	0  	0.0218288 
204	54    	0.00376498 	0.00636227 	0  	0.0218288 
205	57    	0.00281583 	0.00533977 	0  	0.0218288 
206	54    	0.00274559 	0.00566151 	0  	0.0218288 
207	54    	0.00267451 	0.00554671 	0  	0.0188386 
208	57    	0.00250593 	0.0055465  	0  	0.0218288 
209	51    	0.00299726 	0.00609554 	0  	0.0218288 
210	55    	0.00453267 	0.0074266  	0  	0.0218547 
211	51    	0.00353975 	0.00701131 	0  	0.0218547 
212	51    	0.00275872 	0.00672733 	0  	0.0218547 
213	48    	0.00353509 	0.00760922 	0  	0.0218547 
214	53    	0.00250241 	0.00629255 	0  	0.0218547 
215	56    	0.00191963 	0.00576089 	0  	0.0218547 
216	58    	0.0015842  	0.00507053 	0  	0.0200685 
217	56    	0.0023404  	0.00583937 	0  	0.0209963 
218	52    	0.00296896 	0.00643953 	0  	0.0209963 
219	55    	0.00393156 	0.00721107 	0  	0.021237  
220	53    	0.00430694 	0.0078362  	0  	0.021237  
221	54    	0.00387486 	0.00739675 	0  	0.021237  
222	54    	0.00474091 	0.00820853 	0  	0.0212401 
223	49    	0.00606026 	0.0089347  	0  	0.0212401 
224	55    	0.00447673 	0.00802611 	0  	0.0212401 
225	55    	0.00554438 	0.00850689 	0  	0.0212157 
226	54    	0.00481675 	0.0082812  	0  	0.0212157 
227	57    	0.00237564 	0.00634592 	0  	0.0225863 
228	57    	0.00248611 	0.00645326 	0  	0.0225863 
229	58    	0.00102344 	0.00390292 	0  	0.0194838 
230	54    	0.00214976 	0.00540807 	0  	0.0225863 
231	56    	0.00190347 	0.00499192 	0  	0.0192432 
232	52    	0.0019693  	0.00480526 	0  	0.0178652 
233	53    	0.00258037 	0.00581034 	0  	0.0190055 
234	52    	0.00356896 	0.00714528 	0  	0.0225863 
235	57    	0.00384933 	0.00746198 	0  	0.0224379 
236	54    	0.00278817 	0.0065633  	0  	0.0224393 
237	56    	0.00341085 	0.00701904 	0  	0.0226132 
238	54    	0.003243   	0.00695218 	0  	0.0245257 
239	52    	0.00505851 	0.00852243 	0  	0.0244977 
240	54    	0.00480222 	0.00848002 	0  	0.0267882 
241	53    	0.00456037 	0.00890209 	0  	0.0267882 
242	53    	0.00480554 	0.00900835 	0  	0.0267882 
243	52    	0.00548472 	0.00937285 	0  	0.0245429 
244	52    	0.00449343 	0.00906501 	0  	0.0245773 
245	58    	0.0030745  	0.00760057 	0  	0.0245787 
246	56    	0.00386515 	0.00841409 	0  	0.0254983 
247	54    	0.00295493 	0.00771519 	0  	0.0254983 
248	56    	0.00501042 	0.00938469 	0  	0.025496  
249	56    	0.00390523 	0.00841945 	0  	0.0254983 
250	52    	0.00552177 	0.00975391 	0  	0.025393  
251	54    	0.00500682 	0.0093192  	0  	0.0254698 
252	55    	0.00429754 	0.00912764 	0  	0.0254704 
Selection: ignoring 1 infeasible solution in a population of size 60
253	52    	0.00445311 	0.00919442 	0  	0.0280908 
254	57    	0.00323134 	0.00802785 	0  	0.0272283 
255	52    	0.00520237 	0.0102935  	0  	0.0298125 
256	52    	0.00520757 	0.0103113  	0  	0.0273943 
257	51    	0.00433975 	0.00973796 	0  	0.0273941 
258	52    	0.00740261 	0.0118232  	0  	0.0311843 
259	52    	0.0054596  	0.0108722  	0  	0.0311843 
260	56    	0.00430475 	0.00965565 	0  	0.0311843 
261	51    	0.00585896 	0.0111012  	0  	0.0342308 
262	52    	0.00809792 	0.0128338  	0  	0.0342308 
263	56    	0.00788053 	0.012767   	0  	0.0342308 
264	48    	0.00721684 	0.0127094  	0  	0.0344161 
265	53    	0.00484673 	0.0109785  	0  	0.0344161 
266	53    	0.00390888 	0.0100203  	0  	0.0342822 
267	54    	0.00384417 	0.00984252 	0  	0.0342822 
268	56    	0.00434889 	0.0104722  	0  	0.0353838 
269	56    	0.00406401 	0.00998653 	0  	0.0353838 
270	56    	0.0040201  	0.0102835  	0  	0.0353838 
271	55    	0.00271919 	0.00847844 	0  	0.0353838 
272	59    	0.00235802 	0.00733479 	0  	0.0283986 
273	57    	0.0021132  	0.00682903 	0  	0.0250825 
274	58    	0.00328665 	0.00826484 	0  	0.0300055 
275	53    	0.00399703 	0.00931623 	0  	0.0317715 
276	56    	0.00522504 	0.0109296  	0  	0.0318344 
277	56    	0.00382103 	0.00980476 	0  	0.032048  
278	55    	0.00246791 	0.00821931 	0  	0.032048  
279	53    	0.00378801 	0.00962687 	0  	0.032048  
280	56    	0.0031006  	0.00871226 	0  	0.0320491 
281	50    	0.00638641 	0.0124641  	0  	0.0333311 
282	56    	0.00697851 	0.0127666  	0  	0.0323041 
283	51    	0.00658959 	0.0125467  	0  	0.0323041 
284	55    	0.0073639  	0.0129189  	0  	0.0330223 
285	52    	0.00711659 	0.0129467  	0  	0.0326102 
286	53    	0.00877242 	0.0135906  	0  	0.0351141 
287	53    	0.00640474 	0.0122925  	0  	0.0351141 
288	52    	0.00780457 	0.0130352  	0  	0.0326102 
289	56    	0.00772951 	0.012968   	0  	0.0332464 
290	53    	0.0102906  	0.0145908  	0  	0.0352164 
291	54    	0.00916736 	0.0142296  	0  	0.0352164 
292	54    	0.0091793  	0.0148083  	0  	0.0360183 
293	52    	0.014482   	0.0170988  	0  	0.0390338 
294	51    	0.0121852  	0.0164418  	0  	0.0399356 
295	51    	0.0141147  	0.0175607  	0  	0.0448068 
296	51    	0.0160922  	0.0191054  	0  	0.0452298 
297	51    	0.0128511  	0.018562   	0  	0.0452298 
298	54    	0.00988756 	0.0179447  	0  	0.0451726 
299	56    	0.00507134 	0.0139685  	0  	0.0451726 
300	53    	0.00291142 	0.0107205  	0  	0.0451726 
Best individuals:
(0.04522975639721145,) 	<--	 //0
p:0.051, 0.263, -0.416, fr=0.412, vr=0.551, 0.357, 0.497
p:0.091, 0.326, -0.873, fr=0.521, vr=0.474, 0.463, 0.395
p:-1.2673719423858687, 1.7574439846913497, -0.5825311927224255, fr=0.301, vr=0.455, 0.431, 0.656
p:-0.829, 1.208, -0.298, fr=0.476, vr=0.391, 0.494, 0.673
p:-0.16240252333319982, 0.16028335676355665, -1.0593126432379683, fr=0.24, vr=0.47, 0.424, 0.394
p:-0.4662230690277588, -0.07142418950558538, -0.6947885939332207, fr=0.362, vr=0.61, 0.653, 0.439
p:-0.7197505165998173, 0.8701350286594997, 0.03575593453326875, fr=0.254, vr=0.454, 0.797, 0.691
p:0.09763722847432854, 0.2962324491317627, -0.6110066525984583, vr=0.537, 0.175, 0.494
p:-0.465, 0.279, -0.843, fr=0.012, vr=0.505, 0.413, 0.601
p:-1.033, 1.461, -0.47, vr=0.496, 0.351, 0.82
p:-1.316, 1.743, -1.364, vr=0.448, 0.505, 0.852
j:7, 0, vr=0.5125, 0.41000000000000003, 0.446
j:0, 2, vr=0.47100000000000003, 0.4255, 0.585
j:4, 0, vr=0.503, 0.394, 0.5765
j:6, 3, vr=0.46199999999999997, 0.6105, 0.5425
j:5, 2, vr=0.5325, 0.542, 0.5475
j:6, 0, vr=0.5025000000000001, 0.577, 0.594
j:6, 2, vr=0.4545, 0.614, 0.6735
j:1, 0, vr=0.544, 0.266, 0.4955
j:8, 4, vr=0.4875, 0.4185, 0.4975
j:2, 8, vr=0.48, 0.422, 0.6285000000000001
j:6, 5, vr=0.532, 0.7250000000000001, 0.565
j:2, 7, vr=0.496, 0.303, 0.575
j:9, 2, vr=0.47550000000000003, 0.391, 0.738
j:10, 9, vr=0.472, 0.428, 0.836
j:5, 3, vr=0.5005, 0.5735, 0.556

Saved 'genotypes_jump/HoF-jump-f0-eps001-center-run4.gen' (1)
Log saved to logs_jump/log-jump-f0-eps001-center-run4.json
Elapsed time: 775.54 seconds
VMNeuronManager.autoload: Neuro classes added: S1 PIDV PIDP Thr SeeLight2 Nn Light SeeLight Delay S0 
UserScripts.autoload: 20 user scripts added.
