Argument values: path=/home/nikiaker/Projects/studia/stop2/sem2/algorytmy/lab1/framsticks/Framsticks54, lib=None, sim=eval-allcriteria-mini.sim;deterministic.sim;recording-body-coords.sim;only-body.sim, genformat=0, initialgenotype=None, opt=jumpdistance, popsize=60, generations=300, tournament=7, pmut=0.9, pxov=0.0, hof_size=1, hof_savefile=genotypes_jump/HoF-jump-f0-eps002-center-run6.gen, max_numparts=20, max_numjoints=40, max_numneurons=0, max_numconnections=0, max_numgenochars=None, log_file=logs_jump/log-jump-f0-eps002-center-run6.json, stagnation_generations=None, plateau_escape=False, eps=0.02, placement=center
Using Framsticks version: 5.4
Home (writable) dir     : /home/nikiaker/Projects/studia/stop2/sem2/algorytmy/lab1/framsticks/Framsticks54/data
Resources dir           : /home/nikiaker/Projects/studia/stop2/sem2/algorytmy/lab1/framsticks/Framsticks54/data

Available objects: ['CheckpointEvent', 'Collision', 'CrCollision', 'Creature', 'CreatureSettings', 'CreatureSignals', 'CreatureSnapshot', 'Dictionary', 'ExpProperties', 'ExpState', 'ExtValue', 'File', 'FunctionReference', 'GenMan', 'GenManStats', 'GenePool', 'GenePools', 'Geno', 'GenoConverters', 'Genotype', 'Interface', 'Joint', 'Loader', 'Math', 'MechJoint', 'MechPart', 'MessageCatcher', 'Model', 'ModelGeometry', 'ModelSymmetry', 'Neuro', 'NeuroClass', 'NeuroClassLibrary', 'NeuroDef', 'NeuroSignals', 'NeuronsSimEnabled', 'ODE', 'Orient', 'Part', 'Population', 'Populations', 'Ref', 'Signal', 'SignalView', 'SimilMeasure', 'SimilMeasureDistribution', 'SimilMeasureGreedy', 'SimilMeasureHungarian', 'Simulator', 'SlaveSimulators', 'StopEvent', 'String', 'UserScripts', 'Vector', 'WireframeAppearance', 'World', 'WorldMap', 'WorldSignals', 'XYZ', '__builtins__', '__cached__', '__doc__', '__file__', '__loader__', '__name__', '__package__', '__spec__', 'c_api', 'ctypes', 'home_dir', 'init', 'os', 're', 'res_dir', 'sim_params', 'stats', 'sys']

Basic tests OK. Using settings: ['eval-allcriteria-mini.sim', 'deterministic.sim', 'recording-body-coords.sim', 'only-body.sim']

Simulator.load: Loading from 'eval-allcriteria-mini.sim'
Simulator.load: Loaded simulator settings from 'eval-allcriteria-mini.sim'
Simulator.load: Loading from 'deterministic.sim'
Loader.load: Comments read from file follow:
Loader.load:  Parameter values that make the evaluation of a Framsticks creature deterministic.
Loader.load:  The values turn off random noise, so evaluation of the same genotype will always yield the same performance.
Loader.load:  The advantage is that you do not need to evaluate a genotype many times, and performance values are reliable.
Loader.load:  The disadvantage is that evolved creatures are "overfitting", i.e. rely entirely on the specific environment,
Loader.load:  and their behavior may be different in any other environment or (even slightly) changed conditions or parameter values,
Loader.load:  so each creature evolved using these settings must be later inspected using exactly the same setup.
Loader.load: 
Loader.load:  Before loading this file, load base settings, e.g. "eval-allcriteria.sim".
Loader.load:  Put this file in the "data" subdirectory within the Framsticks distribution.
Simulator.load: Loaded simulator settings from 'deterministic.sim'
Simulator.load: Loading from 'recording-body-coords.sim'
Loader.load: Comments read from file follow:
Loader.load:  The recording of the "center of gravity" (or mass) of all Parts of a creature during its lifespan, and
Loader.load:  the recording of coordinates of all Parts are stored as data->bodyrecording.
Loader.load:  Use STORE_ALL_PART_COORDS below to decide how much data you need recorded - maybe only COG and no Parts.
Loader.load: 
Loader.load:  If STORE_ALL_PART_COORDS=0 below, only COG is stored and the format is
Loader.load:  [ [cog1x,cog1y,cog1z], [cog2x,cog2y,cog2z], [cog3x,cog3y,cog3z], ...]
Loader.load:  where index numbers in the names are simulation steps.
Loader.load:  So you get a vector of COG x,y,z coordinates repeated for every simulation step.
Loader.load: 
Loader.load:  If STORE_ALL_PART_COORDS=1 below, the format is more verbose with one more level of nesting, because after the COG,
Loader.load:  the list of coordinates of all Parts follows (the first index in the names below is the simulation step, the second one is Part number)
Loader.load:  [ [[cog1x,cog1y,cog1z], [p1_1x,p1_1y,p1_1z], [p1_2x,p1_2y,p1_2z], ...], ...]
Loader.load: 
Loader.load:  You can further limit the amount of stored data by recording coordinates less frequently - see onCreaturesStep() comment below.
Loader.load:  Adjust 'Energy0' to achieve the lifespan you need.
Loader.load:  'evalcount' should likely be 1 unless you need other performance criteria (like vertpos or distance) averaged from multiple evaluations.
Loader.load:  Put this file in the "data" subdirectory within the Framsticks distribution unless you prefer to provide its path when loading.
Simulator.load: Loaded simulator settings from 'recording-body-coords.sim'
Simulator.load: Loading from 'only-body.sim'
Loader.load: Comments read from file follow:
Loader.load:  Turns off mutations in f0, f1, f4, fH related to brain (disables adding and modifying neurons)
Simulator.load: Loaded simulator settings from 'only-body.sim'
Using mutation rate from frams: 0.0
gen	nevals	avg	stddev	min	max
0  	60    	0  	0     	0  	0  
1  	55    	0  	0     	0  	0  
2  	54    	0  	0     	0  	0  
3  	51    	0  	0     	0  	0  
4  	58    	0  	0     	0  	0  
5  	50    	0  	0     	0  	0  
6  	52    	0  	0     	0  	0  
7  	55    	0  	0     	0  	0  
8  	54    	0  	0     	0  	0  
9  	56    	0  	0     	0  	0  
10 	51    	0  	0     	0  	0  
11 	52    	0  	0     	0  	0  
12 	56    	0  	0     	0  	0  
13 	53    	0  	0     	0  	0  
14 	53    	0  	0     	0  	0  
15 	54    	0  	0     	0  	0  
16 	51    	0  	0     	0  	0  
17 	57    	0  	0     	0  	0  
18 	50    	0  	0     	0  	0  
19 	51    	0  	0     	0  	0  
20 	54    	0  	0     	0  	0  
21 	56    	0  	0     	0  	0  
22 	55    	0  	0     	0  	0  
23 	55    	0  	0     	0  	0  
24 	51    	0  	0     	0  	0  
25 	57    	0  	0     	0  	0  
26 	53    	0  	0     	0  	0  
27 	53    	0  	0     	0  	0  
28 	57    	3.91405e-05	0.000300644	0  	0.00234843
29 	54    	0          	0          	0  	0         
30 	52    	0          	0          	0  	0         
31 	57    	0          	0          	0  	0         
32 	55    	0          	0          	0  	0         
33 	53    	0          	0          	0  	0         
34 	54    	0          	0          	0  	0         
35 	53    	0          	0          	0  	0         
36 	53    	0          	0          	0  	0         
37 	51    	0          	0          	0  	0         
38 	54    	0          	0          	0  	0         
39 	54    	0          	0          	0  	0         
40 	52    	0          	0          	0  	0         
41 	59    	0          	0          	0  	0         
42 	54    	0          	0          	0  	0         
43 	54    	0          	0          	0  	0         
44 	53    	0          	0          	0  	0         
45 	54    	0          	0          	0  	0         
46 	50    	0          	0          	0  	0         
47 	56    	0          	0          	0  	0         
48 	54    	0          	0          	0  	0         
49 	51    	1.90463e-05	0.000146297	0  	0.00114278
50 	55    	0.000104269	0.000406288	0  	0.00225405
51 	52    	7.76718e-05	0.000596608	0  	0.00466031
52 	58    	0          	0          	0  	0         
53 	53    	0          	0          	0  	0         
54 	52    	0          	0          	0  	0         
55 	52    	0          	0          	0  	0         
56 	53    	0          	0          	0  	0         
57 	52    	0          	0          	0  	0         
58 	54    	0          	0          	0  	0         
59 	56    	0          	0          	0  	0         
60 	54    	0          	0          	0  	0         
61 	55    	0          	0          	0  	0         
62 	57    	0          	0          	0  	0         
63 	53    	0          	0          	0  	0         
64 	54    	0          	0          	0  	0         
65 	55    	3.52043e-05	0.000270409	0  	0.00211226
66 	52    	8.47061e-05	0.00046283 	0  	0.00297011
67 	55    	0.000134208	0.000591946	0  	0.00297011
68 	55    	0          	0          	0  	0         
69 	52    	4.95018e-05	0.000380231	0  	0.00297011
70 	54    	7.90837e-05	0.000607454	0  	0.00474502
71 	55    	0.000109328	0.000839761	0  	0.00655965
72 	54    	0.000109328	0.000839761	0  	0.00655965
73 	52    	0.000364932	0.00159962 	0  	0.00833433
74 	54    	0.000368174	0.00167314 	0  	0.00932969
75 	55    	0.000327249	0.00145976 	0  	0.00833433
76 	51    	0.000532036	0.00177753 	0  	0.00833433
77 	55    	0.00077699 	0.00209047 	0  	0.00833433
78 	53    	0.000847026	0.00213041 	0  	0.00932969
79 	57    	0.000902695	0.00235813 	0  	0.008703  
80 	53    	0.00158255 	0.0030192  	0  	0.00918607
81 	52    	0.00179114 	0.0031792  	0  	0.00918607
82 	53    	0.00158498 	0.00316583 	0  	0.00918607
83 	54    	0.00156217 	0.00312752 	0  	0.00918607
84 	57    	0.00151361 	0.00318319 	0  	0.00918607
85 	54    	0.00182506 	0.00338365 	0  	0.00918607
86 	51    	0.00185147 	0.00340745 	0  	0.00918607
87 	57    	0.00126379 	0.00287064 	0  	0.00918757
88 	58    	0.000823638	0.00242204 	0  	0.00918757
89 	54    	0.00124281 	0.00286917 	0  	0.0103039 
90 	54    	0.00142222 	0.00319931 	0  	0.0103039 
91 	57    	0.00242217 	0.00410311 	0  	0.0119434 
92 	56    	0.00241148 	0.00418006 	0  	0.0120544 
93 	59    	0.0012304  	0.00314607 	0  	0.0120544 
94 	56    	0.00172464 	0.00345964 	0  	0.0120544 
95 	56    	0.00234325 	0.00422012 	0  	0.0114099 
96 	52    	0.00205334 	0.00421676 	0  	0.0114099 
97 	57    	0.00140425 	0.00350663 	0  	0.0114099 
98 	53    	0.00183637 	0.00361776 	0  	0.0114099 
99 	55    	0.00190407 	0.00370762 	0  	0.0114099 
100	52    	0.00202958 	0.0041094  	0  	0.0114099 
101	53    	0.00234231 	0.00445164 	0  	0.0122251 
102	57    	0.00119343 	0.00308702 	0  	0.0101229 
103	53    	0.000781514	0.00238513 	0  	0.0101229 
104	57    	0.000679782	0.00225838 	0  	0.0100855 
105	56    	0.000420555	0.00167161 	0  	0.00918737
106	57    	0.000552288	0.00190758 	0  	0.00918737
107	54    	0.000603568	0.0021807  	0  	0.0124011 
108	54    	0.000583245	0.00214277 	0  	0.0128547 
109	52    	0.00103624 	0.00295082 	0  	0.0128547 
110	49    	0.00135124 	0.00359912 	0  	0.0128547 
111	49    	0.00254134 	0.00465798 	0  	0.0128547 
112	50    	0.00336679 	0.00532379 	0  	0.0128547 
113	55    	0.00284989 	0.0050507  	0  	0.0129698 
114	51    	0.00282049 	0.00506151 	0  	0.0130686 
115	52    	0.00292403 	0.00514317 	0  	0.0130534 
116	55    	0.00214646 	0.00462479 	0  	0.0140078 
117	54    	0.00181774 	0.00434908 	0  	0.0130534 
118	46    	0.00253066 	0.00496254 	0  	0.0135387 
119	57    	0.00109666 	0.00346986 	0  	0.0135387 
120	56    	0.00202816 	0.00478106 	0  	0.0191774 
121	56    	0.00244922 	0.00491817 	0  	0.0135387 
122	58    	0.0017069  	0.00396833 	0  	0.0125347 
123	53    	0.00203748 	0.00437652 	0  	0.0131186 
124	56    	0.00137439 	0.00382449 	0  	0.0131186 
125	54    	0.00158649 	0.00405768 	0  	0.0131186 
126	51    	0.0014261  	0.00393562 	0  	0.0131186 
127	56    	0.00134511 	0.00372984 	0  	0.0133851 
128	55    	0.0025832  	0.00475904 	0  	0.0133851 
129	55    	0.00241805 	0.00488715 	0  	0.0142786 
130	53    	0.00190434 	0.00457361 	0  	0.0143158 
131	56    	0.00205005 	0.00457705 	0  	0.0143158 
132	57    	0.00158013 	0.00390791 	0  	0.0134587 
133	52    	0.00240864 	0.00481756 	0  	0.0140164 
134	49    	0.0035072  	0.00561598 	0  	0.0140164 
135	50    	0.00351696 	0.0058542  	0  	0.0140257 
136	53    	0.0030771  	0.00557116 	0  	0.0141752 
137	57    	0.00194923 	0.00443339 	0  	0.0141752 
138	53    	0.00194795 	0.00452256 	0  	0.0141752 
139	57    	0.00225945 	0.00455146 	0  	0.0144089 
140	54    	0.00314558 	0.00511184 	0  	0.0146121 
141	48    	0.00288225 	0.00473401 	0  	0.0144089 
142	56    	0.00235633 	0.00465934 	0  	0.0148947 
143	57    	0.00219676 	0.0046666  	0  	0.0148947 
144	50    	0.00190967 	0.00450541 	0  	0.0152132 
145	52    	0.00216842 	0.00481934 	0  	0.0152132 
146	55    	0.0011971  	0.00350594 	0  	0.0147001 
147	58    	0.00172249 	0.00397393 	0  	0.0147001 
148	53    	0.00215431 	0.0043778  	0  	0.0147001 
149	49    	0.0023002  	0.00428366 	0  	0.0147001 
150	57    	0.00182361 	0.00427827 	0  	0.0154881 
151	50    	0.00389344 	0.00782895 	0  	0.0460683 
152	57    	0.00251238 	0.00606867 	0  	0.034272  
153	56    	0.0018215  	0.00404775 	0  	0.0147001 
154	53    	0.00251576 	0.00471147 	0  	0.0147001 
155	53    	0.00216447 	0.00471373 	0  	0.0147001 
156	55    	0.00163594 	0.0039923  	0  	0.0147101 
157	55    	0.00147751 	0.00383688 	0  	0.0147101 
158	54    	0.00163415 	0.004272   	0  	0.0147101 
159	54    	0.00210341 	0.00485633 	0  	0.015843  
160	57    	0.00132509 	0.00389295 	0  	0.0159278 
161	55    	0.00203988 	0.00466017 	0  	0.0159278 
162	50    	0.00304983 	0.0050759  	0  	0.0159278 
163	56    	0.00271083 	0.00515692 	0  	0.0159278 
164	54    	0.00302832 	0.00534451 	0  	0.0158772 
165	56    	0.00294304 	0.00523049 	0  	0.0163863 
166	53    	0.00301793 	0.00536852 	0  	0.0163863 
167	51    	0.00325417 	0.00580959 	0  	0.0165348 
168	53    	0.00411479 	0.0064913  	0  	0.0165481 
169	54    	0.00329887 	0.0056569  	0  	0.016997  
170	52    	0.00390565 	0.00580512 	0  	0.016997  
171	57    	0.00232009 	0.00461491 	0  	0.0160338 
172	51    	0.00312087 	0.00521659 	0  	0.0153817 
173	51    	0.00306728 	0.00514438 	0  	0.0153817 
174	52    	0.00244411 	0.00487073 	0  	0.0153817 
175	56    	0.00280709 	0.0051898  	0  	0.0155948 
176	53    	0.00277578 	0.00535779 	0  	0.0170944 
177	53    	0.00351202 	0.00596438 	0  	0.0170944 
178	54    	0.00246099 	0.00480487 	0  	0.0170944 
179	52    	0.00273242 	0.00541398 	0  	0.017553  
180	57    	0.00174163 	0.00375328 	0  	0.014082  
181	57    	0.0020215  	0.00429156 	0  	0.0155738 
182	53    	0.00258271 	0.00460231 	0  	0.0155738 
183	52    	0.00344151 	0.00524563 	0  	0.0155738 
184	52    	0.00577549 	0.0097257  	0  	0.0614802 
185	55    	0.00274474 	0.00560209 	0  	0.0171513 
186	56    	0.0021946  	0.00460155 	0  	0.0171513 
187	53    	0.00341664 	0.00567147 	0  	0.0171513 
188	54    	0.00354061 	0.00579556 	0  	0.0171706 
189	56    	0.00303009 	0.00551032 	0  	0.0171513 
190	55    	0.00252389 	0.00539319 	0  	0.0172769 
191	58    	0.00217043 	0.00495293 	0  	0.0166714 
192	54    	0.00313411 	0.00580363 	0  	0.0172839 
193	52    	0.00242576 	0.0047536  	0  	0.0166129 
194	59    	0.00180318 	0.00420996 	0  	0.0166129 
195	57    	0.00326891 	0.00559224 	0  	0.0160245 
196	55    	0.00269287 	0.00563798 	0  	0.0176695 
197	54    	0.00285967 	0.00599307 	0  	0.0186494 
198	52    	0.00422337 	0.00675157 	0  	0.0186494 
199	54    	0.00256191 	0.0059201  	0  	0.0186494 
200	58    	0.00279205 	0.00603787 	0  	0.0186494 
201	57    	0.00263146 	0.00576335 	0  	0.0186494 
202	57    	0.002958   	0.0061019  	0  	0.0195429 
203	57    	0.00281615 	0.00581318 	0  	0.018743  
204	59    	0.00371012 	0.00636031 	0  	0.0190355 
205	56    	0.0037322  	0.00656353 	0  	0.0190355 
206	54    	0.00423174 	0.00697804 	0  	0.0190355 
207	50    	0.00387586 	0.00699577 	0  	0.0190355 
208	54    	0.00388146 	0.00697228 	0  	0.0190355 
209	57    	0.0022736  	0.00559886 	0  	0.0189386 
210	50    	0.00248764 	0.00571684 	0  	0.0189386 
211	53    	0.00234718 	0.00552347 	0  	0.0184485 
212	52    	0.00412989 	0.00714269 	0  	0.0184485 
213	53    	0.00530619 	0.00773518 	0  	0.018743  
214	52    	0.00530989 	0.00777438 	0  	0.018743  
215	56    	0.00400187 	0.00724136 	0  	0.0189861 
216	50    	0.00647645 	0.00825887 	0  	0.0194248 
217	54    	0.00515068 	0.00797181 	0  	0.0203356 
218	57    	0.00277097 	0.00596772 	0  	0.01888   
219	55    	0.00331663 	0.00644469 	0  	0.018833  
220	56    	0.00401449 	0.0066511  	0  	0.019739  
Selection: ignoring 1 infeasible solution in a population of size 60
221	52    	0.00545417 	0.00753484 	0  	0.019739  
222	50    	0.00464332 	0.00721111 	0  	0.019739  
223	57    	0.00383768 	0.0069419  	0  	0.0197976 
224	53    	0.00343163 	0.00688995 	0  	0.0197976 
225	57    	0.00242096 	0.00564564 	0  	0.0197389 
226	52    	0.0031481  	0.00600485 	0  	0.0190292 
227	50    	0.00431892 	0.00691096 	0  	0.0190292 
228	53    	0.00448505 	0.00726648 	0  	0.0190292 
229	49    	0.00477146 	0.00753498 	0  	0.0192982 
230	57    	0.00329286 	0.00674842 	0  	0.0191667 
231	55    	0.00377313 	0.00686673 	0  	0.0194349 
232	53    	0.00427374 	0.00696275 	0  	0.0194349 
233	57    	0.00333581 	0.00652531 	0  	0.019435  
234	50    	0.00338588 	0.00657778 	0  	0.0194349 
235	53    	0.00251935 	0.00602476 	0  	0.0194349 
236	54    	0.00189587 	0.00527501 	0  	0.0194349 
237	58    	0.00158367 	0.00436679 	0  	0.0191667 
238	53    	0.00281953 	0.00534306 	0  	0.0158089 
239	54    	0.00362622 	0.00580961 	0  	0.0186834 
240	57    	0.00289586 	0.00489991 	0  	0.0175041 
241	53    	0.0033494  	0.00514011 	0  	0.0163467 
242	55    	0.00393382 	0.00629825 	0  	0.0166131 
243	51    	0.00373353 	0.00630637 	0  	0.0171089 
244	56    	0.00444892 	0.00606599 	0  	0.018304  
245	55    	0.00442649 	0.00606301 	0  	0.0172226 
246	56    	0.00456666 	0.00628457 	0  	0.016583  
Selection: ignoring 1 infeasible solution in a population of size 60
247	53    	0.004689   	0.00657963 	0  	0.016583  
248	58    	0.00323592 	0.00565033 	0  	0.016583  
249	54    	0.00252425 	0.00506254 	0  	0.016583  
250	56    	0.00238056 	0.00505748 	0  	0.016583  
251	56    	0.00244401 	0.00487199 	0  	0.016583  
252	56    	0.00301727 	0.00515781 	0  	0.016583  
253	56    	0.00387193 	0.00611358 	0  	0.0173559 
254	53    	0.00327609 	0.00597384 	0  	0.0184672 
255	51    	0.00322808 	0.00600164 	0  	0.0183987 
256	54    	0.00263501 	0.00559313 	0  	0.0186557 
257	55    	0.00180478 	0.00442269 	0  	0.018582  
258	55    	0.00243872 	0.00499393 	0  	0.018582  
259	58    	0.00182998 	0.00407019 	0  	0.0145947 
260	55    	0.00199275 	0.00414013 	0  	0.0145947 
261	56    	0.00241986 	0.00443456 	0  	0.0125932 
262	50    	0.00339975 	0.00498007 	0  	0.0131129 
Selection: ignoring 2 infeasible solutions in a population of size 60
263	53    	0.00309531 	0.00512305 	0  	0.01704   
264	53    	0.00406572 	0.00542208 	0  	0.01704   
265	49    	0.00512469 	0.00624545 	0  	0.01704   
266	51    	0.00502345 	0.00684473 	0  	0.01704   
267	55    	0.00398183 	0.00649709 	0  	0.0179885 
268	56    	0.00373365 	0.00634123 	0  	0.0179885 
269	56    	0.005059   	0.00679461 	0  	0.0185795 
270	57    	0.00467858 	0.00699072 	0  	0.0190591 
271	54    	0.00412373 	0.00670469 	0  	0.0194225 
272	54    	0.00438064 	0.00718115 	0  	0.0201653 
273	55    	0.00505379 	0.00745333 	0  	0.0209424 
274	50    	0.00604173 	0.00771769 	0  	0.0209424 
275	55    	0.00437322 	0.00686492 	0  	0.0209424 
276	53    	0.00440131 	0.00727187 	0  	0.0209424 
277	52    	0.0042323  	0.00719542 	0  	0.0209424 
278	52    	0.0057286  	0.00799802 	0  	0.0209424 
279	56    	0.00535184 	0.00767319 	0  	0.0209371 
280	57    	0.00431696 	0.00675913 	0  	0.020135  
281	52    	0.00346977 	0.00602593 	0  	0.020135  
282	58    	0.00319023 	0.00563858 	0  	0.0189138 
283	54    	0.00300614 	0.0053826  	0  	0.0189138 
284	55    	0.00334584 	0.00600349 	0  	0.0189138 
285	59    	0.00224849 	0.00480937 	0  	0.0165097 
286	53    	0.00404903 	0.00615546 	0  	0.0189138 
287	55    	0.00365495 	0.00592345 	0  	0.0164173 
288	58    	0.00368845 	0.00565783 	0  	0.0163984 
Selection: ignoring 1 infeasible solution in a population of size 60
289	55    	0.00642444 	0.00629697 	0  	0.0177061 
290	53    	0.00335932 	0.00568162 	0  	0.0182013 
291	56    	0.00203424 	0.0043113  	0  	0.0177061 
292	54    	0.00320954 	0.00517099 	0  	0.0177061 
293	51    	0.00385365 	0.00564304 	0  	0.0177061 
294	57    	0.00277113 	0.00530568 	0  	0.0173071 
295	51    	0.00364705 	0.00604202 	0  	0.0173071 
296	54    	0.00280341 	0.00546871 	0  	0.0173583 
297	52    	0.00351318 	0.00595146 	0  	0.0173583 
298	52    	0.00387376 	0.00614026 	0  	0.0179217 
299	53    	0.00337392 	0.00595093 	0  	0.017906  
300	55    	0.00286851 	0.00578793 	0  	0.0177564 
Best individuals:
(0.06148016547355936,) 	<--	 //0
p:0.851, 1.431, 0.205, fr=0.247, vr=0.591, 0.697, 0.608
p:2.203, 1.315, -1.51, fr=0.674, vr=0.482, 0.627, 0.718
p:0.86, 2.069, -0.964, fr=0.59, vr=0.603, 0.563, 0.775
p:0.744, 2.234, 0.346, vr=0.64, 0.451, 0.787
p:1.698, 1.269, 0.31, fr=0.908, vr=0.409, 0.557, 0.422
p:2.617, 2.105, -1.62, fr=0.39, vr=0.516, 0.579, 0.765
p:1.634, 1.166, -0.927, vr=0.293, 0.724, 0.539
p:0.449, 0.781, -0.33, fr=0.336, vr=0.579, 0.58, 0.712
p:2.9403148833411556, 0.9134438528803966, -1.2162482094582492, fr=0.234, vr=0.348, 0.702, 0.472
p:0.5278462744472416, 2.594899586625906, -1.3842980720872087, fr=0.845, vr=0.434, 0.528, 0.79
p:2.795, 1.691, -1.525, fr=0.921, vr=0.51, 0.649, 0.693
p:1.311684219477822, 1.872359827334228, -0.12292642025122325, fr=0.19, vr=0.421, 0.562, 0.239
p:2.397, 2.938, -2.077, vr=0.563, 0.882, 0.699
p:1.353, 1.004, -0.671, vr=0.51, 0.747, 0.627
p:2.202, 1.667, -1.301, vr=0.333, 0.656, 0.7
j:3, 4, vr=0.5275, 0.6719999999999999, 0.5535
j:1, 4, vr=0.473, 0.637, 0.6085
j:0, 3, vg=0.627, 0.515
j:5, 1, vr=0.499, 0.603, 0.7415
j:2, 3, vr=0.597, 0.6299999999999999, 0.6915
j:6, 0, vr=0.3785, 0.6855, 0.519
j:7, 3, vr=0.585, 0.6385, 0.6599999999999999
j:8, 6, vr=0.3205, 0.713, 0.5055000000000001
j:9, 2, vr=0.5185, 0.5455, 0.7825
j:10, 5, vr=0.513, 0.614, 0.729
j:11, 4, vr=0.415, 0.5595000000000001, 0.3305
j:3, 9, vr=0.619, 0.355, 0.918
j:8, 1, vr=0.415, 0.6645, 0.595
j:6, 5, vr=0.40449999999999997, 0.6515, 0.652
j:11, 5, vr=0.4685, 0.5705, 0.502
j:4, 8, vr=0.37849999999999995, 0.6295, 0.44699999999999995
j:12, 10, vr=0.5365, 0.7655000000000001, 0.696
j:13, 6, vr=0.40149999999999997, 0.7355, 0.583
j:14, 1, vr=0.4075, 0.6415, 0.709

Saved 'genotypes_jump/HoF-jump-f0-eps002-center-run6.gen' (1)
Log saved to logs_jump/log-jump-f0-eps002-center-run6.json
Elapsed time: 11284.21 seconds
VMNeuronManager.autoload: Neuro classes added: S1 PIDV PIDP Thr SeeLight2 Nn Light SeeLight Delay S0 
UserScripts.autoload: 20 user scripts added.
